1.0074897896451257E+020
6.0449387378707543E+020
1.2089877475741509E+021
1.8134816213612264E+021
2.4179754951483017E+021
3.0224693689353770E+021
3.6269632427224528E+021
4.2314571165095281E+021
4.8359509902966034E+021
5.4404448640836787E+021
6.0449387378707540E+021
6.6494326116578304E+021
7.2539264854449057E+021
7.8584203592319799E+021
8.4629142330190563E+021
9.0674081068061326E+021
9.6719019805932069E+021
1.0276395854380281E+022
1.0880889728167357E+022
1.1485383601954434E+022
1.2089877475741508E+022
1.2694371349528584E+022
1.3298865223315661E+022
1.3903359097102735E+022
1.4507852970889811E+022
1.5112346844676886E+022
1.5716840718463960E+022
1.6321334592251038E+022
1.6925828466038113E+022
1.7530322339825187E+022
1.8134816213612265E+022
9.2689060647351574E+021