612443073652276.75
3674658441913661
7349316883827322
11023975325740982
14698633767654644
18373292209568304
22047950651481964
25722609093395624
29397267535309288
33071925977222944
36746584419136608
40421242861050272
44095901302963928
47770559744877584
51445218186791248
55119876628704912
58794535070618576
62469193512532232
66143851954445888
69818510396359560
73493168838273216
77167827280186880
80842485722100544
84517144164014208
88191802605927856
91866461047841520
95541119489755168
99215777931668848
1.0289043637358250E+017
1.0656509481549616E+017
1.1023975325740982E+017
56344762776009464